need: 2618.666149765354 receive: 2000
need: 2011.1376623376623 receive: 1900
